[1, 1, 1, 0, 1, 0, 0, 0, 0, 0, 0, 1, 1, 0, 1, 1, 1, 0, 0, 1, 0, 0, 1, 1, 1, 0, 0, 0, 0, 1, 1, 0, 1, 0, 1, 1, 1, 1, 0, 0, 1, 1, 0, 0, 1, 1, 0, 1, 1, 0, 0, 0, 0, 1, 1, 1, 0, 1, 0, 0, 0, 0, 1, 1, 0, 1, 1, 0, 1, 1, 0, 0, 0, 0, 1, 1, 0, 1, 1, 0, 0, 1, 0, 0, 0, 0, 1, 0, 0, 1, 0, 0, 0, 0, 1, 1, 1, 1, 0, 1, 0, 1, 1, 1, 1, 0, 1, 1, 1, 1, 1, 0, 0, 0, 1, 0, 1, 1, 0, 1, 0, 0]
0.518433149837
0.99999735111
0.562530701419
0.987478367226
0.5170682927
0.918372487518
0.805442216941
0.995079944173
0.521188607048
0.96737834104
0.875676417063
0.999989593611
0.513656149858
0.322657838727
0.995052047465
0.999968969706
0.562529875713
0.987478367226
0.808755820336
0.999998864762
0.763423753363
0.995080706126
0.935231060917
0.999998107936
0.748739549936
0.990081853076
0.978911878831
0.995144810665
0.357150745759
0.609969519891
0.998840649119
0.992975252613
0.422395325526
0.903683981078
0.778063384251
0.961813954968
0.422605202684
0.756826089786
0.904333415153
0.996886257945
0.428082404097
0.955646489578
0.967098314757
0.999995269834
0.422696614184
0.998848762946
0.984314523667
0.999993377763
0.778063384251
0.961814354132
0.999998297142
1.0
0.842847330717
0.995144429815
0.99143222548
0.999999243174
0.967097523011
0.999800755215
0.922760555175
0.961769644873
0.998537929659
0.992850518147
0.922709453859
0.980459276781
0.521188607048
0.970861067364
0.682634281336
0.992919065271
0.513656149858
0.322407138399
0.356797672444
0.545760606536
0.517776464206
0.636449656941
0.896062955862
0.99900397353
0.510244007017
0.365773951968
0.244313986828
0.242187527072
0.875675056866
0.999993756176
0.974392808835
0.995144048713
0.995042749141
0.999968969706
0.998028583964
0.992972579978
0.976465665592
0.998460122903
0.998478211441
0.814216811277
0.243590544742
0.24046877453
0.140553528709
0.65710123761
0.42730545772
0.951861052525
0.967096729162
0.999795834649
0.4215944313
0.998529235707
0.998678215537
0.995071025957
0.430894988758
0.998626979347
0.998667937218
0.962381245267
0.513327807043
0.453524984096
0.986954410883
0.980188745831
0.967097523011
0.999994513008
0.922378143341
0.961747489826
0.943583500134
0.999989972018
0.92353146239
0.980460054525
0.998747271898
0.954061102306
0.359508899156
0.804982300262
0.983286212915
0.980306061538
0.304157250067
0.836062924881
0.520086424164
0.304389474502
0.64547128531
0.923335224965
0.516254527006
0.181680353804
0.843262420255
0.998508955736
0.524580615548
0.975647265605
0.967092371334
0.943612564622
0.515560124513
0.325914696594
0.998229614849
0.99506835998
0.645472638639
0.932890053042
0.244990091193
0.994606785979
0.904029084079
0.997816603788
0.998055082663
0.93780832524
0.683485487245
0.998716030849
0.996880903811
0.842993006569
0.356574430512
0.357450758461
0.876442630293
0.806062772615
0.425426328458
0.983247061161
0.895311528067
0.956520178923
0.426507479455
0.998468963249
0.996047771094
0.978597849624
0.434411404367
0.99836259189
0.999792617843
0.943460750403
0.432624578987
0.854972602816
0.990508139619
0.87571808482
0.895311968788
0.956424738035
0.999997161904
0.999998486349
0.996045870858
0.962021130812
0.815442457989
0.746058840881
0.999791103713
0.943462390845
0.89549789336
0.778121340973
0.647674442827
0.682706952685
0.717169363115
0.645245985158
0.524580615548
0.986551272806
0.717429864808
0.998555847097
0.515560124513
0.326190242316
0.356246013382
0.356373799388
0.509561578448
0.397747071519
0.181962924006
0.174118057661
0
0.363726666263
0.239733802191
0.235308839553
0.96709197652
0.984328822018
0.996874268502
0.904437988183
0.998244758796
0.995060203477
0.876151438584
0.842938087899
0.182953396557
0.174118057661
0.0494336440817
0.0451491395085
0.239733802191
0.235308839553
0.125649007606
0.106891012842
0.434439619595
0.996229513096
0.999788832546
0.943459107965
0.430890157335
0.94378565819
0.718477900537
0.748801370025
0.413248208416
0.0972737698593
0.0232377428448
0.015499748928
0.411883351279
0.141199835289
0.0193487193881
0.0127820085786
0.999792617843
0.943462800461
0.895497455699
0.778121340973
0.990507372458
0.87571944681
0.68285552212
0.645247365205
0.0232377428448
0.0149486574858
0.0157256038634
0.0119424999466
0.0193487193881
0.0127820085786
0.0135589549562
0.0105776428098
